65536 0
46341 -46341
46341 -46341
-46341 -46341
46341 -46341
-46341 -46341
-46341 46341
46341 -46341
-65536 0
-46341 -46341
46341 -46341
-46341 -46341
-46341 46341
-46341 -46341
-46341 -46341
46341 46341
65536 0
-46341 -46341
46341 -46341
-46341 -46341
46341 -46341
-46341 -46341
-46341 46341
46341 46341
-65536 0
46341 46341
46341 46341
-46341 -46341
-46341 -46341
46341 46341
46341 46341
46341 -46341
65536 0
-46341 46341
-46341 46341
-46341 46341
46341 -46341
-46341 46341
46341 46341
46341 46341
-65536 0
-46341 -46341
46341 46341
-46341 -46341
46341 46341
46341 46341
46341 -46341
46341 46341
65536 0
-46341 -46341
46341 -46341
-46341 46341
-46341 -46341
46341 46341
46341 -46341
-46341 46341
-65536 0
46341 46341
-46341 46341
46341 46341
46341 46341
-46341 -46341
-46341 -46341
-46341 -46341
