46341 -46341
46341 -46341
-46341 -46341
46341 -46341
-46341 -46341
-46341 46341
46341 -46341
-46341 -46341
46341 -46341
-46341 -46341
-46341 46341
-46341 -46341
-46341 -46341
46341 46341
-46341 -46341
46341 -46341
-46341 -46341
46341 -46341
-46341 -46341
-46341 46341
46341 46341
46341 46341
46341 46341
-46341 -46341
-46341 -46341
46341 46341
46341 46341
46341 -46341
-46341 46341
-46341 46341
-46341 46341
46341 -46341
-46341 46341
46341 46341
46341 46341
-46341 -46341
46341 46341
-46341 -46341
46341 46341
46341 46341
46341 -46341
46341 46341
-46341 -46341
46341 -46341
-46341 46341
-46341 -46341
46341 46341
46341 -46341
-46341 46341
46341 46341
-46341 46341
46341 46341
46341 46341
-46341 -46341
-46341 -46341
-46341 -46341
