0 37 46341 -46341
0 10 -46341 -46341
0 2 -46341 -46341
0 39 46341 -46341
0 54 46341 46341
0 48 46341 46341
0 45 46341 -46341
0 16 -46341 46341
0 24 -46341 46341
0 34 46341 -46341
0 56 46341 46341
0 1 -46341 -46341
0 28 -46341 46341
0 58 46341 46341
0 3 -46341 -46341
0 13 -46341 -46341
0 10 -46341 -46341
0 63 46341 46341
0 53 46341 46341
0 2 -46341 -46341
0 55 46341 46341
0 45 46341 -46341
0 7 -46341 -46341
0 26 -46341 46341
0 4 -46341 -46341
0 47 46341 -46341
0 22 -46341 46341
0 27 -46341 46341
0 46 46341 -46341
0 47 46341 -46341
0 36 46341 -46341
0 40 46341 -46341
0 10 -46341 -46341
0 60 46341 46341
0 22 -46341 46341
0 61 46341 46341
0 57 46341 46341
0 20 -46341 46341
0 23 -46341 46341
0 22 -46341 46341
0 41 46341 -46341
0 25 -46341 46341
0 14 -46341 -46341
0 10 -46341 -46341
0 12 -46341 -46341
0 54 46341 46341
0 4 -46341 -46341
0 35 46341 -46341
1 35 20724 -62173
1 42 20724 20724
1 13 -62173 62173
1 47 20724 62173
1 36 20724 -20724
1 39 20724 -20724
1 58 62173 20724
1 27 -20724 20724
1 33 20724 -62173
1 19 -20724 -62173
1 13 -62173 62173
1 15 -62173 62173
1 63 62173 62173
1 30 -20724 62173
1 42 20724 20724
1 18 -20724 -62173
1 12 -62173 62173
1 49 62173 -62173
1 21 -20724 -20724
1 57 62173 20724
1 4 -62173 -20724
1 7 -62173 -20724
1 53 62173 -20724
1 50 62173 -62173
1 2 -62173 -62173
1 20 -20724 -20724
1 28 -20724 62173
1 1 -62173 -62173
1 28 -20724 62173
1 7 -62173 -20724
1 56 62173 20724
1 11 -62173 20724
1 44 20724 62173
1 2 -62173 -62173
1 48 62173 -62173
1 62 62173 62173
1 24 -20724 20724
1 4 -62173 -20724
1 9 -62173 20724
1 33 20724 -62173
1 59 62173 20724
1 25 -20724 20724
1 58 62173 20724
1 37 20724 -20724
1 27 -20724 20724
1 11 -62173 20724
1 13 -62173 62173
1 21 -20724 -20724
2 30 -10112 50562
2 32 10112 -70787
2 12 -50562 10112
2 53 50562 30337
2 21 -30337 30337
2 1 -70787 -50562
2 56 70787 -70787
2 43 30337 -10112
2 53 50562 30337
2 21 -30337 30337
2 52 50562 10112
2 8 -50562 -70787
2 30 -10112 50562
2 37 10112 30337
2 54 50562 50562
2 52 50562 10112
2 38 10112 50562
2 6 -70787 50562
2 36 10112 10112
2 13 -50562 30337
2 3 -70787 -10112
2 17 -30337 -50562
2 42 30337 -30337
2 55 50562 70787
2 31 -10112 70787
2 21 -30337 30337
2 10 -50562 -30337
2 43 30337 -10112
2 14 -50562 50562
2 30 -10112 50562
2 60 70787 10112
2 57 70787 -50562
2 34 10112 -30337
2 0 -70787 -70787
2 43 30337 -10112
2 48 50562 -70787
2 3 -70787 -10112
2 18 -30337 -30337
2 51 50562 -10112
2 26 -10112 -30337
2 3 -70787 -10112
2 22 -30337 50562
2 57 70787 -50562
2 54 50562 50562
2 10 -50562 -30337
2 53 50562 30337
2 35 10112 -10112
2 61 70787 30337
