15746 -40122
-22382 -51131
6263 54246
74420 -95501
58931 -5220
20838 41507
50955 15360
90804 39756
45947 29676
12727 73443
31786 23297
7743 3469
64030 -39296
-47775 -34013
35283 37960
-12821 -54926
-5160 18273
40062 50600
28320 -32605
-16044 -3410
5764 -69027
-69648 -16854
-676 14560
-34774 33652
2645 -89803
15570 97117
-105255 -57812
21729 35003
57991 2511
51334 -3257
-21083 42944
-39787 3091
-8024 -23105
13746 -73515
80620 -21193
-55554 6089
80287 -8395
-52849 -10277
-33939 -24897
77614 -44347
-59562 13413
-60143 -81901
16592 3578
24082 7418
58604 12580
2579 -6314
37845 -72271
-18459 -1098
-36595 36039
-37137 -14101
-100428 2890
-40143 23536
119860 33608
67188 48025
-63289 2129
15050 50586
45001 55627
37554 -511
42103 27598
-16232 23398
78824 73241
28334 -18820
-5099 -15784
-77628 -26716
15747 -40121
-22382 -51131
6263 54246
74419 -95502
58931 -5220
20838 41508
50956 15361
90805 39754
45948 29676
12727 73443
31785 23297
7742 3470
64030 -39297
-47776 -34011
35283 37961
-12821 -54926
