-30337 50562
10112 50562
-62173 20724
-46341 -46341
62173 -62173
46341 46341
50562 10112
20724 20724
20724 62173
20724 -62173
-20724 -20724
-62173 -20724
62173 62173
10112 -70787
10112 -10112
-50562 -10112
-20724 20724
-20724 -62173
30337 70787
46341 46341
46341 -46341
70787 -70787
-46341 -46341
-62173 62173
46341 46341
46341 46341
46341 -46341
46341 -46341
-30337 -30337
-50562 -10112
46341 46341
30337 50562
-62173 20724
-30337 30337
-46341 -46341
-30337 70787
-46341 46341
-30337 -50562
10112 30337
20724 -20724
-70787 50562
-46341 -46341
-62173 -62173
46341 -46341
-46341 46341
-46341 46341
20724 20724
-10112 10112
50562 70787
30337 50562
-10112 10112
10112 70787
-20724 -62173
62173 -62173
-62173 -20724
62173 -62173
