5855 -46032
-17127 -33202
20540 23786
76146 -80400
57176 1144
30730 38401
63564 23056
88846 40710
44970 42406
19260 68475
29128 23119
21460 -4685
44425 -40593
-30782 -22123
25562 19266
-10772 -41429
3779 24489
39962 36639
22025 -26675
-11408 -18880
-10637 -62417
-59144 -13611
-10488 19021
-29013 9806
4379 -54273
-9303 66977
-84251 -38216
27254 28268
61090 2660
41131 6552
-24677 37053
-36282 -837
-5257 -35338
28736 -67854
57063 -19277
-27139 2628
54936 -9133
-49408 -14382
-14010 -31058
51980 -35682
-60841 -7760
-49638 -68378
17176 1770
33651 9135
51210 9595
12379 -20464
28291 -61887
-22233 4286
-39736 27563
-54439 -10103
-95294 7022
-11866 27332
114921 39716
47697 42455
-48209 14366
20252 55032
46851 48944
42548 7446
33613 28471
4624 36601
72523 59027
25747 -16828
-20033 -19819
-62777 -31886
5855 -46032
-17127 -33202
20540 23786
76146 -80400
57176 1144
30730 38401
63564 23056
88846 40710
44970 42406
19260 68475
29128 23119
21460 -4685
44425 -40593
-30782 -22123
25562 19266
-10772 -41429
