15746 -40122
-22382 -51130
6263 54245
74419 -95502
58931 -5220
20837 41508
50955 15360
90805 39755
45948 29676
12727 73443
31785 23298
7743 3469
64030 -39297
-47775 -34011
35283 37960
-12821 -54926
-5160 18274
40063 50598
28321 -32603
-16045 -3409
5763 -69029
-69648 -16853
-675 14560
-34774 33652
2646 -89801
15570 97117
-105256 -57812
21729 35002
57991 2512
51334 -3258
-21082 42944
-39787 3092
-8023 -23106
13745 -73516
80620 -21192
-55555 6089
80286 -8396
-52848 -10277
-33939 -24898
77616 -44347
-59562 13413
-60141 -81902
16592 3578
24082 7418
58604 12580
2578 -6313
37846 -72270
-18459 -1098
-36595 36039
-37137 -14100
-100428 2888
-40142 23536
119859 33608
67188 48024
-63290 2129
15049 50586
45000 55627
37554 -511
42103 27598
-16231 23397
78823 73241
28334 -18821
-5099 -15784
-77628 -26715
15746 -40122
-22382 -51130
6263 54245
74419 -95502
58931 -5220
20837 41508
50955 15360
90805 39755
45948 29676
12727 73443
31785 23298
7743 3469
64030 -39297
-47775 -34011
35283 37960
-12821 -54926
