-23170 0
-24349 49863
15481 -52646
48021 -4971
91425 26619
-11806 -19457
27196 13963
-1679 -78999
4799 37567
12921 -55007
32908 -42820
-42212 -41203
30780 -35486
-4644 -51601
-28913 31062
-75605 -29007
0 -23170
36858 -95175
28584 7770
58371 3680
78885 -63996
-579 9445
-75371 -20739
43994 -5583
53951 1988
-86846 86102
1677 38414
4991 91757
30780 -224
51489 58720
-36999 -32265
15331 48186
0 -23170
67067 66823
14793 -20441
25878 -54979
109159 62087
-49173 -24414
-72504 74158
-60864 59199
-27969 -60737
42276 -42203
-20368 48014
-170 -29427
30780 -53220
34106 48303
31407 -15822
40232 21035
69511 0
-54497 3568
-58858 65317
13904 31191
121698 21631
1011 -26122
55143 -1846
28937 -35164
-77121 67524
6570 -13972
-14216 -43608
-108784 3953
30780 42589
-20403 5125
100041 -48510
9654 20334
-23170 0
-24349 49863
15481 -52646
48021 -4971
91425 26619
-11806 -19457
27196 13963
-1679 -78999
4799 37567
12921 -55007
32908 -42820
-42212 -41203
30780 -35486
-4644 -51601
-28913 31062
-75605 -29007
